PDE 2007  7  9  6 50 50.00 -26.2900 -178.1400  35.0 5.5 5.5 SOUTH OF FIJI ISLANDS                   
event name:     200707090650A  
time shift:     -2.5900
half duration:   1.5000
latitude:      -26.1100
longitude:    -177.8400
depth:          16.0200
Mrr:      -2.420000e+23
Mtt:       1.080000e+24
Mpp:      -8.330000e+23
Mrt:       9.130000e+23
Mrp:      -2.270000e+23
Mtp:       2.740000e+24
